13.518430645647207
0.248161392631184
0.015340577413648936
0.3070484296572742
0.024676634872224216
-0.6287552194064248
8.623698779648494
8.719404326239385
1.317222439037115
8.121979909674456
0.006972178033130884
0.004641400301330046
0.006015301735925182
0.0036288460586397994
0.0015493159856351452
0.001812296674083092
0.0011102120974398326
0.0011841985321781388
14.235227142345936
0.7539556075446219
0.026537584145085624
0.8324652780683991
0.05340174320113497
1.7535350780928607
20.820990268379287
4.143719897789528
0.24925090837267133
9.45540560802983
0.016034827208941567
0.008143596294827865
0.03292194700163607
0.012406691001395461
0.003098785474231076
0.002532640817635004
0.002171116400856744
0.002752893126834408
